multi-thread: thread_cnt: 3
SCALE: 10
nvtx: 1024
edgefactor: 3
terasize: 4.91520000000000023e-08
A: 5.69999999999999951e-01
B: 1.90000000000000002e-01
C: 1.90000000000000002e-01
D: 5.00000000000000444e-02
generation_time: 0.00000000000000000e+00
construction_time: 6.14214000000000079e-04
nbfs: 64
min_time: 1.40600000000000009e-05
firstquartile_time: 9.54557500000000118e-05
median_time: 9.80825000000000083e-05
thirdquartile_time: 1.03158000000000004e-04
max_time: 1.18386000000000001e-04
mean_time: 9.86194375000000125e-05
stddev_time: 1.24092245871035236e-05
min_nedge: 1.00000000000000000e+00
firstquartile_nedge: 2.63200000000000000e+03
median_nedge: 2.63200000000000000e+03
thirdquartile_nedge: 2.63200000000000000e+03
max_nedge: 2.63200000000000000e+03
mean_nedge: 2.59089062500000000e+03
stddev_nedge: 3.28875000000000000e+02
min_TEPS: 7.11237553342816391e+04
firstquartile_TEPS: 2.55947147274233624e+07
median_TEPS: 2.68693487905960903e+07
thirdquartile_TEPS: 2.76277168958908021e+07
max_TEPS: 2.93537054592092782e+07
harmonic_mean_TEPS: 3.88993925295283226e+06
harmonic_stddev_TEPS: 3.34146082507780008e+06
