multi-thread: thread_cnt: 3
SCALE: 10
nvtx: 1024
edgefactor: 3
terasize: 4.91520000000000023e-08
A: 5.69999999999999951e-01
B: 1.90000000000000002e-01
C: 1.90000000000000002e-01
D: 5.00000000000000444e-02
generation_time: 0.00000000000000000e+00
construction_time: 4.61589000000000042e-04
nbfs: 64
min_time: 5.89300000000000016e-06
firstquartile_time: 4.88665000000000106e-05
median_time: 5.01964999999999996e-05
thirdquartile_time: 5.16072499999999996e-05
max_time: 1.24446000000000008e-04
mean_time: 5.49680156250000049e-05
stddev_time: 1.66642952508079756e-05
min_nedge: 1.00000000000000000e+00
firstquartile_nedge: 2.63200000000000000e+03
median_nedge: 2.63200000000000000e+03
thirdquartile_nedge: 2.63200000000000000e+03
max_nedge: 2.63200000000000000e+03
mean_nedge: 2.59089062500000000e+03
stddev_nedge: 3.28875000000000000e+02
min_TEPS: 1.69692855930765305e+05
firstquartile_TEPS: 5.10845724995354116e+07
median_TEPS: 5.25186818501658738e+07
thirdquartile_TEPS: 5.39765182941635177e+07
max_TEPS: 5.56883820324566737e+07
harmonic_mean_TEPS: 8.85522758494232781e+06
harmonic_stddev_TEPS: 7.25146558908238728e+06
