multi-thread: thread_cnt: 3
SCALE: 10
nvtx: 1024
edgefactor: 3
terasize: 4.91520000000000023e-08
A: 5.69999999999999951e-01
B: 1.90000000000000002e-01
C: 1.90000000000000002e-01
D: 5.00000000000000444e-02
generation_time: 0.00000000000000000e+00
construction_time: 4.96282000000000017e-04
nbfs: 64
min_time: 6.90400000000000031e-06
firstquartile_time: 5.04050000000000028e-05
median_time: 5.20085000000000019e-05
thirdquartile_time: 5.38065000000000006e-05
max_time: 1.08828000000000009e-04
mean_time: 5.56583125000000063e-05
stddev_time: 1.50120219759216839e-05
min_nedge: 1.00000000000000000e+00
firstquartile_nedge: 2.63200000000000000e+03
median_nedge: 2.63200000000000000e+03
thirdquartile_nedge: 2.63200000000000000e+03
max_nedge: 2.63200000000000000e+03
mean_nedge: 2.59089062500000000e+03
stddev_nedge: 3.28875000000000000e+02
min_TEPS: 1.44843568945538806e+05
firstquartile_TEPS: 4.90786999954772815e+07
median_TEPS: 5.06485016181212515e+07
thirdquartile_TEPS: 5.22310311658908874e+07
max_TEPS: 5.45990125710492432e+07
harmonic_mean_TEPS: 7.75309257481949683e+06
harmonic_stddev_TEPS: 6.51549707143070176e+06
