multi-thread: thread_cnt: 3
SCALE: 10
nvtx: 1024
edgefactor: 3
terasize: 4.91520000000000023e-08
A: 5.69999999999999951e-01
B: 1.90000000000000002e-01
C: 1.90000000000000002e-01
D: 5.00000000000000444e-02
generation_time: 0.00000000000000000e+00
construction_time: 7.71032000000000054e-04
nbfs: 64
min_time: 1.23010000000000013e-05
firstquartile_time: 9.57692500000000148e-05
median_time: 9.83830000000000099e-05
thirdquartile_time: 1.00896750000000003e-04
max_time: 1.43668000000000008e-04
mean_time: 9.84243750000000109e-05
stddev_time: 1.36122182621302773e-05
min_nedge: 1.00000000000000000e+00
firstquartile_nedge: 2.63200000000000000e+03
median_nedge: 2.63200000000000000e+03
thirdquartile_nedge: 2.63200000000000000e+03
max_nedge: 2.63200000000000000e+03
mean_nedge: 2.59089062500000000e+03
stddev_nedge: 3.28875000000000000e+02
min_TEPS: 8.12942037232745206e+04
firstquartile_TEPS: 2.61551111485310644e+07
median_TEPS: 2.68087308334986344e+07
thirdquartile_TEPS: 2.75365778314509466e+07
max_TEPS: 2.87593697414716221e+07
harmonic_mean_TEPS: 4.35681668597060628e+06
harmonic_stddev_TEPS: 3.66588586504320893e+06
