single-thread: thread_cnt: 1
SCALE: 17
nvtx: 131072
edgefactor: 7
terasize: 1.46800640000000001e-05
A: 5.69999999999999951e-01
B: 1.90000000000000002e-01
C: 1.90000000000000002e-01
D: 5.00000000000000444e-02
generation_time: 0.00000000000000000e+00
construction_time: 1.99876310000000001e-01
nbfs: 63
min_time: 2.17557319999999998e-02
firstquartile_time: 2.17801789999999551e-02
median_time: 2.17877360000000020e-02
thirdquartile_time: 2.18016360000000027e-02
max_time: 2.26990090000000026e-02
mean_time: 2.18140856349206338e-02
stddev_time: 1.46326502835082310e-04
min_nedge: 6.54253000000000000e+05
firstquartile_nedge: 6.54253000000000000e+05
median_nedge: 6.54253000000000000e+05
thirdquartile_nedge: 6.54253000000000000e+05
max_nedge: 6.54253000000000000e+05
mean_nedge: 6.54253000000000000e+05
stddev_nedge: 0.00000000000000000e+00
min_TEPS: 2.88229763687040210e+07
firstquartile_TEPS: 3.00114169007286504e+07
median_TEPS: 3.00303965430845954e+07
thirdquartile_TEPS: 3.00418595864844769e+07
max_TEPS: 3.00726723421671130e+07
harmonic_mean_TEPS: 2.99922266259307414e+07
harmonic_stddev_TEPS: 2.55504670816065445e+04
