multi-thread: thread_cnt: 3
SCALE: 10
nvtx: 1024
edgefactor: 3
terasize: 4.91520000000000023e-08
A: 5.69999999999999951e-01
B: 1.90000000000000002e-01
C: 1.90000000000000002e-01
D: 5.00000000000000444e-02
generation_time: 0.00000000000000000e+00
construction_time: 4.66369000000000007e-04
nbfs: 64
min_time: 6.33599999999999998e-06
firstquartile_time: 5.29884999999999959e-05
median_time: 5.45300000000000082e-05
thirdquartile_time: 6.66222500000000041e-05
max_time: 4.54224000000000034e-04
mean_time: 7.32524531250000014e-05
stddev_time: 6.30153673479554320e-05
min_nedge: 1.00000000000000000e+00
firstquartile_nedge: 2.63200000000000000e+03
median_nedge: 2.63200000000000000e+03
thirdquartile_nedge: 2.63200000000000000e+03
max_nedge: 2.63200000000000000e+03
mean_nedge: 2.59089062500000000e+03
stddev_nedge: 3.28875000000000000e+02
min_TEPS: 1.57828282828282827e+05
firstquartile_TEPS: 4.15511320123057812e+07
median_TEPS: 4.83596843758758903e+07
thirdquartile_TEPS: 4.96948391861759573e+07
max_TEPS: 5.43363818410784677e+07
harmonic_mean_TEPS: 7.88681691079101153e+06
harmonic_stddev_TEPS: 6.18180423500269093e+06
