multi-thread: thread_cnt: 3
SCALE: 10
nvtx: 1024
edgefactor: 3
terasize: 4.91520000000000023e-08
A: 5.69999999999999951e-01
B: 1.90000000000000002e-01
C: 1.90000000000000002e-01
D: 5.00000000000000444e-02
generation_time: 0.00000000000000000e+00
construction_time: 4.13005700000000035e-03
nbfs: 64
min_time: 6.94070000000000082e-05
firstquartile_time: 8.55685000000000126e-05
median_time: 2.75328000000000031e-04
thirdquartile_time: 3.90719974999999969e-02
max_time: 1.31792708000000008e-01
mean_time: 2.10665439218750000e-02
stddev_time: 3.65094909604082932e-02
min_nedge: 1.00000000000000000e+00
firstquartile_nedge: 2.63200000000000000e+03
median_nedge: 2.63200000000000000e+03
thirdquartile_nedge: 2.63200000000000000e+03
max_nedge: 2.63200000000000000e+03
mean_nedge: 2.59089062500000000e+03
stddev_nedge: 3.28875000000000000e+02
min_TEPS: 2.29242803455175057e+01
firstquartile_TEPS: 1.19278888234581886e+05
median_TEPS: 1.06104490348693524e+07
thirdquartile_TEPS: 3.11570816681608111e+07
max_TEPS: 3.79212471364559755e+07
harmonic_mean_TEPS: 1.45066973555775735e+03
harmonic_stddev_TEPS: 1.44545370345137871e+03
