multi-thread: thread_cnt: 3
SCALE: 10
nvtx: 1024
edgefactor: 3
terasize: 4.91520000000000023e-08
A: 5.69999999999999951e-01
B: 1.90000000000000002e-01
C: 1.90000000000000002e-01
D: 5.00000000000000444e-02
generation_time: 0.00000000000000000e+00
construction_time: 3.95038700000000052e-03
nbfs: 64
min_time: 1.98939999999999996e-05
firstquartile_time: 1.84618750000000039e-04
median_time: 2.11233500000000023e-04
thirdquartile_time: 2.65867500000000043e-04
max_time: 6.58947000000000005e-04
mean_time: 2.55297625000000029e-04
stddev_time: 1.29487738064756490e-04
min_nedge: 1.00000000000000000e+00
firstquartile_nedge: 2.63200000000000000e+03
median_nedge: 2.63200000000000000e+03
thirdquartile_nedge: 2.63200000000000000e+03
max_nedge: 2.63200000000000000e+03
mean_nedge: 2.59089062500000000e+03
stddev_nedge: 3.28875000000000000e+02
min_TEPS: 5.02664119835126185e+04
firstquartile_TEPS: 1.00310903909756020e+07
median_TEPS: 1.27712408026190810e+07
thirdquartile_TEPS: 1.43098933396445662e+07
max_TEPS: 1.85528495400556885e+07
harmonic_mean_TEPS: 2.45264418566747103e+06
harmonic_stddev_TEPS: 1.87567838885949343e+06
