multi-thread: thread_cnt: 3
SCALE: 10
nvtx: 1024
edgefactor: 3
terasize: 4.91520000000000023e-08
A: 5.69999999999999951e-01
B: 1.90000000000000002e-01
C: 1.90000000000000002e-01
D: 5.00000000000000444e-02
generation_time: 0.00000000000000000e+00
construction_time: 5.40659000000000083e-04
nbfs: 64
min_time: 5.82900000000000043e-06
firstquartile_time: 4.88805000000000007e-05
median_time: 5.00755000000000053e-05
thirdquartile_time: 5.21795000000000041e-05
max_time: 8.06046000000000041e-04
mean_time: 6.31244375000000009e-05
stddev_time: 9.46837478399112820e-05
min_nedge: 1.00000000000000000e+00
firstquartile_nedge: 2.63200000000000000e+03
median_nedge: 2.63200000000000000e+03
thirdquartile_nedge: 2.63200000000000000e+03
max_nedge: 2.63200000000000000e+03
mean_nedge: 2.59089062500000000e+03
stddev_nedge: 3.28875000000000000e+02
min_TEPS: 1.71556013038256991e+05
firstquartile_TEPS: 5.05444526952804625e+07
median_TEPS: 5.25910999920667559e+07
thirdquartile_TEPS: 5.38819834399944916e+07
max_TEPS: 5.65997161412412301e+07
harmonic_mean_TEPS: 8.69361335169069096e+06
harmonic_stddev_TEPS: 6.91748087429777440e+06
