multi-thread: thread_cnt: 3
SCALE: 10
nvtx: 1024
edgefactor: 3
terasize: 4.91520000000000023e-08
A: 5.69999999999999951e-01
B: 1.90000000000000002e-01
C: 1.90000000000000002e-01
D: 5.00000000000000444e-02
generation_time: 0.00000000000000000e+00
construction_time: 6.04750300000000060e-02
nbfs: 64
min_time: 1.48080000000000012e-05
firstquartile_time: 1.17706250000000005e-04
median_time: 1.43088000000000010e-04
thirdquartile_time: 7.20449500000000021e-04
max_time: 2.15788758000000025e-01
mean_time: 1.44518686718749997e-02
stddev_time: 4.36501821596826309e-02
min_nedge: 1.00000000000000000e+00
firstquartile_nedge: 2.63200000000000000e+03
median_nedge: 2.63200000000000000e+03
thirdquartile_nedge: 2.63200000000000000e+03
max_nedge: 2.63200000000000000e+03
mean_nedge: 2.59089062500000000e+03
stddev_nedge: 3.28875000000000000e+02
min_TEPS: 1.21971136235002559e+04
firstquartile_TEPS: 4.05429158209328912e+06
median_TEPS: 1.88440045846498869e+07
thirdquartile_TEPS: 2.27603395996080413e+07
max_TEPS: 2.63759169439211115e+07
harmonic_mean_TEPS: 1.74760444600539107e+05
harmonic_stddev_TEPS: 6.39120994835370075e+04
