multi-thread: thread_cnt: 3
SCALE: 10
nvtx: 1024
edgefactor: 3
terasize: 4.91520000000000023e-08
A: 5.69999999999999951e-01
B: 1.90000000000000002e-01
C: 1.90000000000000002e-01
D: 5.00000000000000444e-02
generation_time: 0.00000000000000000e+00
construction_time: 6.24392999999999997e-04
nbfs: 64
min_time: 1.24940000000000010e-05
firstquartile_time: 9.15687499999999998e-05
median_time: 9.63300000000000077e-05
thirdquartile_time: 1.06181500000000013e-04
max_time: 1.59636000000000001e-04
mean_time: 9.97702187500000087e-05
stddev_time: 1.86419780112951287e-05
min_nedge: 1.00000000000000000e+00
firstquartile_nedge: 2.63200000000000000e+03
median_nedge: 2.63200000000000000e+03
thirdquartile_nedge: 2.63200000000000000e+03
max_nedge: 2.63200000000000000e+03
mean_nedge: 2.59089062500000000e+03
stddev_nedge: 3.28875000000000000e+02
min_TEPS: 8.00384184408516012e+04
firstquartile_TEPS: 2.56463052586486042e+07
median_TEPS: 2.74011154613974765e+07
thirdquartile_TEPS: 2.88665928735614270e+07
max_TEPS: 3.09406813533021398e+07
harmonic_mean_TEPS: 4.29090265870491136e+06
harmonic_stddev_TEPS: 3.61163183325321134e+06
