multi-thread: thread_cnt: 3
SCALE: 10
nvtx: 1024
edgefactor: 3
terasize: 4.91520000000000023e-08
A: 5.69999999999999951e-01
B: 1.90000000000000002e-01
C: 1.90000000000000002e-01
D: 5.00000000000000444e-02
generation_time: 0.00000000000000000e+00
construction_time: 9.11056500000000102e-03
nbfs: 64
min_time: 1.95410000000000015e-05
firstquartile_time: 1.40446750000000002e-04
median_time: 1.56395999999999998e-04
thirdquartile_time: 1.94940500000000035e-04
max_time: 4.86441000000000054e-04
mean_time: 1.79705468749999999e-04
stddev_time: 7.55837343031247593e-05
min_nedge: 1.00000000000000000e+00
firstquartile_nedge: 2.63200000000000000e+03
median_nedge: 2.63200000000000000e+03
thirdquartile_nedge: 2.63200000000000000e+03
max_nedge: 2.63200000000000000e+03
mean_nedge: 2.59089062500000000e+03
stddev_nedge: 3.28875000000000000e+02
min_TEPS: 5.11744537127066142e+04
firstquartile_TEPS: 1.37373319981324449e+07
median_TEPS: 1.70067124214980677e+07
thirdquartile_TEPS: 1.90313352841806002e+07
max_TEPS: 2.35728231859136224e+07
harmonic_mean_TEPS: 2.67745307085896516e+06
harmonic_stddev_TEPS: 2.19845029061706085e+06
