multi-thread: thread_cnt: 3
SCALE: 10
nvtx: 1024
edgefactor: 3
terasize: 4.91520000000000023e-08
A: 5.69999999999999951e-01
B: 1.90000000000000002e-01
C: 1.90000000000000002e-01
D: 5.00000000000000444e-02
generation_time: 0.00000000000000000e+00
construction_time: 5.96048000000000064e-04
nbfs: 64
min_time: 1.47060000000000012e-05
firstquartile_time: 9.23695000000000039e-05
median_time: 9.42715000000000003e-05
thirdquartile_time: 9.78947499999999931e-05
max_time: 6.77872000000000045e-04
mean_time: 1.03411343750000012e-04
stddev_time: 7.38428794500002123e-05
min_nedge: 1.00000000000000000e+00
firstquartile_nedge: 2.63200000000000000e+03
median_nedge: 2.63200000000000000e+03
thirdquartile_nedge: 2.63200000000000000e+03
max_nedge: 2.63200000000000000e+03
mean_nedge: 2.59089062500000000e+03
stddev_nedge: 3.28875000000000000e+02
min_TEPS: 6.79994560043519596e+04
firstquartile_TEPS: 2.68934377809991017e+07
median_TEPS: 2.80233356828160658e+07
thirdquartile_TEPS: 2.85222074289469495e+07
max_TEPS: 3.04636681404662132e+07
harmonic_mean_TEPS: 3.71769364216298191e+06
harmonic_stddev_TEPS: 3.19266584552096156e+06
